0
0
0
0
0
0
0
0
0
0
0
0
0
0
0
0
0
0
0
0
0
0
0
0
0
0
0
0
0
0
0
0
0
0
0
0
0
0
0
0
0
0
0
0
0
0
0
0
0
0
0
0
0
0
0
0
0
0
0
0
0
0
0
17
15
0
0
0
0
0
0
0
0
0
0
0
2
7
10
0
0
0
0
0
0
0
0
0
0
0
0
10
13
1
0
0
0
0
0
0
0
0
0
0
0
0
0
0
0
0
0
0
0
0
0
0
0
0
0
0
0
0
0
0
0
0
0
0
0
0
0
0
0
0
0
0
0
0
0
0
0
0
0
0
0
0
1
4
18
14
0
0
0
0
0
0
0
0
0
0
0
8
12
2
1
0
0
0
0
0
0
0
0
0
0
1
2
8
0
0
0
0
0
0
0
0
0
0
0
0
8
6
2
0
0
0
0
0
0
0
0
0
0
0
0
0
0
0
0
0
0
0
0
0
0
0
0
0
0
0
0
0
0
0
0
0
0
0
0
0
0
0
0
0
0
0
0
0
0
0
0
0
0
0
0
0
0
0
0
0
0
0
0
0
0
0
0
0
0
0
0
0
0
0
0
0
0
0
0
0
0
0
0
0
0
43
48
21
0
0
0
0
0
0
0
0
0
0
0
26
34
30
0
0
0
0
0
0
0
0
0
0
0
6
16
16
0
0
0
0
0
0
0
0
0
0
0
0
13
16
1
0
0
0
0
0
0
0
0
0
0
0
0
0
0
0
0
0
0
0
0
0
0
0
0
0
0
0
0
0
0
0
0
0
0
0
0
0
0
0
0
0
0
0
0
0
0
0
0
0
0
0
0
0
0
0
0
0
0
0
0
0
0
0
0
0
0
0
0
0
0
0
0
0
0
0
0
0
0
0
139
138
141
122
148
150
151
152
152
147
137
5
0
0
0
0
0
53
68
63
10
2
0
0
0
0
0
0
0
0
0
1
31
23
12
0
0
0
0
0
0
0
0
0
0
1
30
39
1
0
0
0
0
0
0
0
0
0
0
0
0
0
14
0
0
0
0
0
0
0
0
0
0
0
29
2
13
0
0
0
0
0
0
0
0
0
0
0
0
0
0
0
0
0
0
0
0
0
0
42
50
61
91
102
68
41
0
0
0
0
0
0
0
0
0
0
0
28
28
5
0
0
0
0
0
0
0
0
0
0
0
0
0
0
0
0
0
0
0
0
0
0
0
96
76
138
151
152
13
0
0
0
0
0
0
0
0
0
1
38
36
7
0
0
0
0
0
0
0
0
0
0
0
0
0
0
0
0
0
0
0
0
0
0
0
0
12
96
100
48
2
0
0
0
0
0
0
0
0
0
1
8
1
0
0
0
0
0
0
0
0
0
0
0
0
0
1
151
35
7
0
0
0
0
0
0
0
0
0
40
44
9
1
0
0
0
0
0
0
0
0
0
0
0
0
0
0
0
0
0
0
0
0
0
62
0
3
107
107
43
1
0
0
0
0
0
0
0
0
0
2
11
34
3
0
0
0
0
0
0
0
0
0
0
0
0
0
0
0
0
0
0
0
0
0
0
0
0
0
0
0
0
0
0
0
0
0
0
0
0
0
0
0
0
0
0
0
0
0
0
0
0
0
0
0
0
0
0
0
0
0
0
0
0
0
0
0
0
0
0
0
0
0
0
0
0
0
0
0
0
0
0
0
0
0
0
0
0
0
0
0
0
0
0
0
0
0
0
0
0
0
0
0
0
0
0
0
0
0
0
0
0
0
0
0
0
0
0
0
0
0
0
0
0
0
0
0
0
0
0
0
0
0
0
0
0
0
0
0
0
0
0
0
0
0
0
0
0
0
0
0
0
0
0
0
0
0
0
0
0
0
0
0
0
0
0
0
0
0
0
0
0
0
0
0
0
0
0
0
0
0
0
0
0
0
0
0
0
0
0
0
0
0
0
0
0
0
0
0
0
0
0
0
0
0
0
0
0
0
0
0
0
0
0
0
0
0
0
0
0
0
0
0
0
0
0
0
0
0
0
0
0
4
0
0
0
0
0
22
64
141
151
152
152
152
153
107
77
21
11
2
2
74
89
111
151
152
152
152
152
0
0
0
0
0
0
4
21
115
151
151
151
152
153
75
47
1
0
0
2
7
57
145
149
151
152
152
153
152
53
0
0
0
0
2
8
110
149
132
95
75
0
0
0
0
0
0
0
0
2
58
64
20
4
0
0
0
0
0
0
0
0
0
0
0
0
0
0
0
0
0
0
0
0
0
0
0
0
0
0
0
0
0
0
0
0
0
0
0
0
0
0
0
0
0
0
0
0
0
0
0
0
0
0
25
7
62
95
151
151
152
17
0
0
0
0
0
0
0
0
0
1
48
28
12
0
0
0
0
0
0
0
0
0
0
1
6
29
2
0
0
0
0
0
0
0
0
0
0
0
0
151
152
153
8
127
0
0
0
0
2
0
0
12
148
152
149
37
23
150
10
0
0
0
0
5
40
133
147
150
118
79
97
9
0
0
0
0
0
0
1
27
133
140
124
3
0
0
0
0
0
0
0
0
0
0
0
147
151
150
152
152
139
107
85
57
27
58
55
68
146
152
151
150
150
140
130
123
81
74
73
51
55
107
111
150
151
152
152
152
152
116
114
40
41
1
0
0
0
0
0
0
0
0
0
0
0
0
0
0
0
0
0
0
0
0
0
0
0
0
0
0
0
0
0
0
0
0
0
0
0
0
0
0
0
0
0
0
0
0
0
0
0
0
0
0
0
151
97
96
39
42
25
38
130
144
151
152
152
152
152
133
92
74
73
72
85
117
134
149
151
152
152
152
153
153
141
114
64
52
47
2
0
0
0
0
0
0
0
0
0
0
0
0
0
0
0
0
0
0
0
0
0
0
0
0
0
0
8
9
17
136
37
150
151
152
152
132
110
55
40
40
35
37
57
136
149
151
151
152
152
152
117
105
50
46
54
46
45
116
148
150
151
152
40
0
0
0
0
0
0
0
0
0
0
0
0
0
0
0
0
0
0
0
0
0
0
0
0
0
0
0
0
0
0
0
0
0
0
0
0
0
0
0
0
0
0
0
0
0
0
0
0
0
0
0
0
0
0
0
0
0
0
151
0
0
0
0
1
10
105
102
57
0
0
0
0
0
0
0
0
0
0
40
56
71
5
1
0
0
0
0
0
0
0
0
0
0
0
0
0
0
0
0
0
0
0
0
0
0
0
0
0
0
0
0
0
0
0
0
0
0
0
0
0
0
0
0
0
0
0
0
0
0
0
0
136
135
86
72
105
149
152
152
152
150
152
146
137
27
102
60
81
116
1
151
152
152
152
151
37
2
0
0
0
128
86
90
5
1
0
0
0
0
0
0
0
0
0
0
0
0
0
0
0
0
0
0
0
0
0
0
0
0
0
0
146
71
87
133
152
152
152
152
146
135
132
130
130
132
146
149
151
151
151
152
152
149
139
137
135
133
133
139
143
150
151
152
152
152
152
147
144
138
137
136
135
136
147
150
151
152
152
152
152
151
144
140
139
138
136
139
148
149
151
152
152
152
152
151
143
142
137
140
137
137
145
150
151
152
152
152
152
105
0
0
0
0
0
0
0
0
0
0
0
0
0
0
0
0
0
0
0
0
0
0
0
0
0
0
0
0
0
141
139
131
133
134
139
146
151
152
152
152
152
152
152
145
141
140
138
138
140
150
150
152
152
152
152
151
150
145
144
141
138
138
143
146
151
152
152
152
152
75
0
0
0
0
0
0
0
0
0
0
0
0
0
0
0
0
0
0
0
0
0
0
0
0
0
0
0
0
0
0
0
0
0
0
0
0
0
0
0
0
0
0
0
0
145
143
141
139
140
146
151
151
152
4
1
0
0
0
0
0
0
0
0
0
0
0
0
0
0
153
152
151
143
141
140
138
138
146
148
151
152
152
152
151
152
143
135
23
1
1
0
0
0
0
0
0
0
0
0
0
0
0
66
140
143
145
147
121
108
132
153
153
148
146
141
136
134
131
139
147
151
151
151
152
152
152
150
145
140
13
0
0
0
0
0
0
0
0
0
0
0
0
0
0
0
0
0
0
0
0
0
0
0
0
0
0
0
0
0
0
0
0
0
0
0
0
0
0
0
0
0
0
0
0
0
0
0
0
0
0
0
0
0
0
0
0
0
0
0
0
0
0
0
0
0
0
0
0
0
0
0
0
0
0
0
0
0
0
0
0
0
0
0
0
0
0
0
0
0
0
0
0
0
0
0
0
0
0
0
0
0
0
0
0
0
0
0
0
0
0
0
0
0
0
0
0
0
0
0
0
0
0
0
0
0
0
0
0
0
0
0
0
0
0
0
0
0
0
0
0
0
0
0
0
0
0
0
0
0
0
0
0
0
0
0
0
0
0
0
0
0
0
0
0
0
0
0
0
0
0
0
0
0
0
0
0
0
0
0
0
0
0
0
0
0
0
0
1
0
0
0
0
0
0
0
0
0
0
0
0
0
0
0
0
0
0
0
0
0
0
0
0
0
0
0
0
0
0
0
0
0
0
0
0
0
0
0
0
0
0
0
0
0
0
0
0
0
0
0
0
0
0
0
0
0
0
0
0
0
0
0
0
0
0
0
0
0
0
0
0
0
0
0
0
0
0
0
0
0
0
0
0
0
0
0
0
0
0
0
0
0
0
0
0
0
0
0
0
0
0
0
0
0
0
0
0
0
0
0
0
0
0
0
0
0
0
0
0
0
0
0
0
0
0
0
0
0
0
0
0
0
0
0
0
0
0
0
0
0
0
0
0
0
0
0
0
0
0
0
0
0
0
0
0
0
0
0
0
0
0
0
0
0
0
0
0
0
0
0
0
0
0
0
0
0
0
0
0
0
0
0
0
0
0
0
0
0
0
0
0
0
0
0
0
0
0
0
0
0
0
0
0
0
0
0
0
0
0
0
0
0
0
0
0
0
0
0
0
0
0
0
0
0
0
0
0
0
0
0
0
0
0
0
0
0
0
0
0
0
0
0
0
0
0
0
0
0
0
0
0
0
0
0
0
0
0
0
0
0
0
0
0
0
0
0
0
0
0
0
0
0
0
0
0
0
0
0
0
0
0
0
0
0
0
0
0
0
0
0
0
0
0
0
0
0
0
0
0
0
0
0
0
0
0
0
0
0
0
0
0
0
0
0
0
0
0
0
0
0
0
0
0
0
0
0
0
0
0
0
0
0
0
0
0
0
0
0
0
0
0
0
0
0
0
0
0
0
0
0
0
0
0
0
0
0
0
0
0
0
0
0
0
0
0
0
0
0
0
0
0
0
0
0
0
0
0
0
0
0
0
0
0
0
0
0
0
0
0
0
0
0
0
0
0
0
0
0
0
0
0
0
0
0
0
0
0
0
0
0
0
0
0
0
0
0
0
0
0
0
0
0
0
0
0
0
0
0
0
0
0
0
0
0
0
0
0
0
0
0
0
0
0
0
0
0
0
0
0
0
0
0
0
0
0
0
0
0
0
0
0
0
0
0
0
0
0
0
0
0
0
0
0
0
0
0
0
0
0
0
0
0
0
0
0
0
0
0
0
0
0
0
0
0
0
0
0
0
0
0
0
0
0
0
0
0
0
0
0
0
0
0
0
0
1
4
8
8
8
12
5
2
0
0
0
0
0
0
0
0
25
19
4
0
0
0
0
0
0
0
0
0
10
13
16
8
1
0
0
0
0
0
0
0
0
0
11
11
0
8
3
0
0
0
0
0
0
0
0
0
0
6
13
3
0
0
0
1
0
0
0
0
0
0
0
0
2
1
0
0
0
0
0
0
0
0
0
0
4
7
13
2
1
0
0
0
0
0
0
0
0
0
0
0
19
9
4
0
0
0
0
0
0
0
0
0
1
3
10
8
0
0
0
0
0
0
0
0
0
0
1
3
0
0
0
0
0
0
0
0
0
0
0
0
0
1
2
3
4
5
0
0
0
0
0
0
0
0
0
0
0
0
0
0
0
0
0
0
0
0
0
0
0
0
0
0
0
0
0
0
0
0
0
0
0
0
0
0
0
0
0
0
0
0
0
0
0
0
0
0
0
0
0
0
0
0
0
0
0
0
0
0
0
0
0
0
0
0
0
0
0
0
0
0
0
0
0
0
0
0
0
0
0
0
1
1
1
1
1
1
1
1
1
1
1
1
1
1
1
1
0
0
0
0
0
0
0
0
0
0
0
0
0
0
0
0
1
1
1
1
1
2
2
1
2
3
6
5
4
4
4
4
2
2
2
2
3
3
3
4
4
5
4
3
3
3
2
1
1
1
2
2
2
3
3
2
3
3
2
1
1
1
1
1
1
1
2
2
2
2
2
2
2
1
1
1
2
2
2
4
2
2
1
0
0
0
0
0
0
0
0
0
0
0
0
0
0
0
0
0
0
0
0
0
0
0
0
0
0
0
0
0
11
3
2
1
2
1
2
2
4
4
2
2
1
0
0
1
0
0
0
0
0
0
0
0
0
0
1
1
1
0
0
0
0
0
0
0
0
0
1
1
1
1
0
0
0
0
0
0
0
0
0
0
0
0
0
0
0
0
0
1
0
0
0
1
0
1
1
1
1
1
1
1
1
1
1
0
0
0
1
1
1
1
1
1
1
1
1
0
0
0
0
0
0
0
0
0
1
1
1
1
1
1
0
0
0
1
0
0
0
0
0
0
0
0
0
1
1
1
1
1
1
1
1
1
1
1
1
1
1
1
1
1
1
1
1
1
1
1
1
1
3
2
2
2
2
2
2
2
2
2
2
2
2
2
2
2
1
1
1
1
1
1
1
1
1
1
1
2
2
1
1
1
1
1
1
1
1
2
2
2
2
1
2
1
1
1
1
1
1
1
1
1
1
1
1
1
1
3
2
2
2
1
1
1
1
1
1
1
1
1
2
1
1
1
1
1
1
1
2
2
2
2
2
2
2
1
1
1
1
1
1
1
1
0
0
0
0
0
0
0
0
0
0
0
0
0
0
0
0
0
0
0
0
0
0
0
0
0
0
0
0
0
0
0
0
0
0
0
0
0
0
0
0
0
0
0
0
0
0
0
0
0
0
0
0
0
0
1
9
8
2
0
0
0
0
0
0
0
0
0
0
0
0
0
0
0
0
0
0
0
0
0
0
0
0
0
1
1
0
0
0
0
0
0
0
0
0
0
0
0
0
0
0
0
0
0
0
0
0
0
0
0
0
0
0
0
0
0
0
0
0
0
0
0
0
0
0
0
3
1
0
0
0
0
0
0
0
0
0
0
0
0
3
2
0
0
0
0
0
0
0
0
0
0
0
0
0
0
0
0
0
0
0
0
0
0
0
0
0
0
0
0
0
0
0
0
0
0
0
0
0
0
0
0
0
0
0
0
0
0
0
0
0
0
0
0
0
0
0
0
0
0
0
0
0
0
0
0
0
0
0
0
0
0
0
0
0
0
0
0
0
0
0
0
0
0
0
0
0
0
0
0
0
0
0
0
0
0
0
0
0
0
0
0
0
0
0
0
0
0
0
0
0
0
0
0
0
0
0
0
0
0
0
0
0
0
0
0
0
0
0
0
0
0
0
0
0
0
0
0
0
0
0
0
0
0
0
0
0
0
0
0
0
0
0
0
0
0
0
0
0
0
0
0
0
0
0
0
0
0
0
0
0
0
0
0
0
0
0
0
0
0
0
0
0
0
0
0
0
0
0
0
0
1
1
1
1
1
1
1
1
1
1
1
1
1
0
0
1
1
0
1
1
1
1
1
0
0
0
0
0
0
0
0
0
0
0
0
0
0
0
0
0
0
0
0
0
0
0
0
0
0
0
0
0
0
0
0
0
0
0
0
0
0
0
0
0
0
0
0
0
0
0
0
0
0
0
0
0
0
0
0
0
0
0
0
0
0
0
0
0
0
0
0
0
0
0
0
0
0
0
0
0
0
0
0
0
0
0
0
0
0
0
0
0
0
0
0
0
0
0
0
0
0
0
0
0
0
0
0
0
0
0
0
0
0
0
0
0
0
0
0
0
0
0
0
0
0
0
0
0
0
0
0
0
0
0
0
0
0
0
0
0
0
0
0
0
0
0
0
0
0
0
0
0
0
0
0
0
0
0
0
0
0
0
0
0
0
0
0
0
0
0
0
0
0
0
0
0
0
0
0
0
0
0
0
0
0
0
0
0
0
0
0
0
0
0
0
0
0
0
0
0
0
0
0
0
0
0
0
0
0
0
0
0
0
0
0
0
0
0
0
0
0
0
0
0
0
0
0
0
0
0
0
0
0
0
0
0
0
0
0
0
0
0
0
0
0
0
0
0
0
0
0
0
0
0
0
0
0
0
0
0
0
0
0
0
0
0
0
0
0
0
0
0
0
0
0
0
0
0
0
0
0
0
0
0
0
0
0
0
0
0
0
0
0
0
0
0
0
0
0
0
0
0
0
0
0
0
0
0
0
0
0
0
0
0
0
0
0
0
0
0
0
0
0
0
0
0
0
0
0
0
0
0
0
0
0
0
0
0
0
0
0
0
0
0
0
0
0
0
0
0
0
0
0
0
0
0
0
0
0
0
0
0
0
0
0
0
0
0
0
0
0
0
0
0
0
0
0
0
0
0
0
0
0
0
0
0
0
0
0
0
0
0
0
0
0
0
0
0
0
0
0
0
0
0
0
0
0
0
0
0
0
0
0
0
0
0
0
0
0
0
0
0
0
0
0
0
0
0
0
0
0
0
0
0
0
0
0
0
0
0
0
0
0
0
0
0
0
0
0
0
0
0
0
0
0
0
0
0
0
0
0
0
0
0
0
0
0
0
0
0
0
0
0
0
0
0
0
0
0
0
0
0
0
0
0
0
0
0
0
0
0
0
0
0
0
0
0
0
0
0
0
0
0
0
0
0
0
0
0
0
0
0
0
0
0
0
0
0
0
0
0
0
0
0
0
0
0
0
0
0
0
0
0
0
0
0
0
0
0
0
0
0
0
0
0
0
0
0
0
0
0
0
0
0
0
0
0
0
0
0
0
0
0
0
0
0
0
0
0
0
0
0
0
0
0
0
0
0
0
0
0
0
0
0
0
0
0
0
0
0
0
0
0
0
0
0
0
0
0
0
0
0
0
0
0
0
0
0
0
0
0
0
0
0
0
0
0
0
0
0
0
0
0
0
0
0
0
0
0
0
0
0
0
0
0
0
0
0
0
0
0
0
0
0
0
0
0
0
0
0
0
0
0
0
14
24
21
4
0
0
0
0
0
0
0
0
0
0
20
19
19
5
0
0
0
0
0
0
0
0
0
1
2
18
32
29
3
1
0
0
0
0
0
0
0
0
2
20
22
16
12
3
0
0
0
0
0
0
0
0
7
11
19
17
6
0
0
0
0
0
0
0
0
0
1
16
18
13
1
1
0
0
0
0
0
0
0
0
5
9
18
9
5
0
0
0
0
0
0
0
0
0
1
10
17
14
3
0
0
0
0
0
0
0
0
0
0
0
0
0
0
0
0
0
0
0
0
0
0
0
0
0
0
0
0
0
0
0
0
9
0
0
0
0
1
10
15
11
2
1
0
0
0
0
0
0
0
0
1
3
13
10
8
1
0
0
0
0
0
0
0
0
0
8
14
13
4
2
0
0
0
0
0
0
0
0
1
8
12
11
8
1
0
0
0
0
0
0
0
0
1
10
12
12
3
0
0
0
0
0
0
0
0
0
0
0
0
0
0
0
0
0
0
0
0
0
0
0
0
0
0
0
0
0
0
0
0
0
0
0
0
0
0
0
0
0
0
0
0
0
0
0
0
0
0
0
0
0
0
0
0
0
0
0
0
0
0
0
0
0
0
0
0
0
0
0
0
0
0
0
0
0
0
0
0
0
0
0
0
0
0
0
0
0
0
0
0
0
0
0
0
0
0
0
0
0
0
0
0
0
0
0
0
0
0
0
0
0
0
0
0
0
0
0
0
0
0
0
0
0
0
0
0
0
0
0
0
0
0
0
0
0
0
0
0
0
0
0
0
0
0
0
0
0
0
0
0
0
0
0
0
0
0
0
0
0
0
0
0
0
0
0
0
0
0
0
0
0
0
0
0
0
0
0
0
0
0
0
0
0
0
0
0
0
0
0
0
0
0
5
0
0
0
0
0
0
0
0
0
0
0
0
0
0
0
0
0
0
0
0
0
0
0
0
0
0
56
80
91
0
0
0
0
0
0
0
0
0
0
0
0
0
0
0
0
0
0
0
0
0
0
0
0
0
0
0
0
0
0
0
0
0
0
0
0
0
0
0
0
0
0
0
0
0
0
0
0
0
0
0
0
0
0
0
0
0
0
0
0
0
0
0
0
0
0
0
0
0
0
0
0
0
0
0
0
0
0
0
0
0
0
0
0
0
0
0
0
0
0
0
0
0
0
0
0
0
0
0
0
0
0
0
0
0
0
0
0
0
0
0
0
0
0
0
0
0
0
0
0
0
0
0
0
33
78
147
105
67
96
5
0
0
0
63
0
1
81
94
150
151
151
152
153
154
153
153
134
43
20
72
4
145
150
152
153
153
153
153
154
153
153
152
152
152
128
133
150
152
153
153
153
154
154
154
154
153
153
153
78
111
131
152
153
154
153
153
154
153
153
152
152
152
152
152
152
153
153
153
154
154
154
154
153
153
153
153
153
153
152
153
153
153
153
153
154
153
154
154
153
153
153
153
153
153
153
153
153
153
153
153
153
153
153
74
57
74
153
153
153
154
153
153
153
153
153
153
153
153
153
153
153
153
154
153
153
154
153
153
153
153
153
153
153
153
153
154
152
153
153
12
0
0
0
0
0
0
0
0
0
0
0
0
0
0
0
0
0
0
0
0
0
0
0
0
0
0
0
0
0
0
0
0
0
0
0
0
0
0
132
153
153
152
152
152
152
115
66
45
102
99
148
152
153
152
152
153
153
153
152
0
0
0
0
0
0
0
0
0
0
0
0
0
0
0
0
0
72
140
148
152
152
152
153
153
153
153
152
137
122
85
88
111
151
152
153
9
1
0
0
0
0
0
0
0
0
0
0
0
0
0
0
0
0
0
0
151
143
119
137
131
152
153
153
153
153
154
153
153
153
152
152
151
145
5
0
0
0
0
0
0
0
0
0
0
0
0
0
0
0
0
0
0
0
0
0
0
152
152
152
151
146
148
152
153
153
153
153
154
153
153
153
152
152
152
150
149
152
153
153
153
1
0
0
0
0
0
0
0
0
0
0
0
0
0
0
0
153
153
153
152
152
151
144
147
152
153
153
153
153
153
153
153
153
152
153
153
141
147
136
2
0
0
0
0
0
0
0
0
0
0
0
0
0
0
0
0
0
0
0
152
152
151
151
139
153
153
154
154
154
154
154
154
153
15
1
0
0
0
0
0
0
0
0
0
0
0
0
0
151
120
135
153
154
154
154
154
154
154
154
154
3
0
0
0
0
0
0
0
0
0
0
0
0
0
152
153
151
148
115
87
99
151
153
152
46
1
0
0
0
0
0
0
0
0
0
0
0
0
0
0
0
0
0
0
0
0
0
0
0
0
0
0
0
0
0
0
0
0
0
0
0
0
0
0
0
0
0
0
0
0
0
0
0
0
0
0
0
0
0
0
0
0
0
0
0
0
0
0
0
0
0
0
0
0
0
0
0
0
0
0
0
0
0
0
0
0
0
0
0
0
0
0
1
1
1
1
1
1
1
2
2
2
2
2
2
1
1
1
1
1
0
0
0
0
0
0
0
1
0
0
0
1
1
1
1
0
1
0
0
0
0
0
0
0
0
0
0
0
1
4
5
4
4
4
4
3
2
3
2
3
2
2
2
1
2
2
1
2
2
1
1
2
2
2
1
2
1
1
1
1
1
1
1
1
0
0
0
0
0
1
1
1
1
1
1
1
1
1
1
1
1
1
1
2
1
1
1
1
1
1
1
1
1
1
1
1
1
1
1
1
1
1
1
1
1
1
1
1
1
1
1
1
1
1
1
1
1
1
1
1
1
1
1
1
1
1
1
1
1
1
1
1
1
1
1
1
1
1
1
1
1
1
1
1
1
1
1
1
1
1
1
1
1
1
1
1
1
1
1
1
1
1
1
1
1
1
1
0
1
1
1
1
1
1
1
1
1
0
0
0
0
0
0
1
1
1
1
1
1
1
0
0
0
0
0
0
0
1
1
1
1
1
0
0
0
0
0
0
0
0
0
0
0
0
0
0
0
0
0
0
0
0
0
0
0
0
0
0
0
0
0
0
0
0
0
0
0
0
0
0
0
0
0
0
0
0
0
0
0
0
0
0
0
0
0
0
0
0
0
0
0
0
0
0
0
0
1
0
1
0
0
0
0
0
0
0
0
0
0
0
0
0
0
0
0
0
0
0
0
0
0
0
0
0
0
0
0
0
0
0
0
0
0
0
0
0
0
0
0
0
0
0
0
0
0
0
0
0
0
0
0
0
0
0
0
0
1
1
1
1
0
0
0
0
0
0
0
0
0
0
1
0
0
0
0
0
0
0
0
0
0
0
0
0
0
0
0
0
0
0
0
0
0
0
0
0
0
0
0
0
0
0
0
0
0
0
0
0
0
0
0
0
0
0
0
0
0
0
0
0
0
0
0
0
0
0
0
0
0
0
0
0
0
0
0
0
0
0
0
0
0
0
0
0
0
0
0
0
0
0
0
0
0
0
0
0
0
0
1
1
1
1
1
1
1
0
1
1
0
0
0
0
0
0
0
0
0
0
0
0
0
0
0
0
0
0
0
0
0
0
0
0
0
0
0
0
0
0
0
0
0
0
0
0
0
0
0
0
0
0
0
0
0
0
0
0
0
0
0
0
0
0
0
0
0
0
0
0
0
0
0
0
0
0
0
0
1
1
1
142
142
115
9
154
151
154
154
118
104
106
105
119
152
152
154
155
155
155
154
154
154
155
120
119
113
122
132
153
154
154
154
154
154
155
155
153
140
133
122
118
137
153
153
154
154
154
154
155
155
153
154
145
133
130
134
141
154
154
155
155
154
155
154
154
154
146
144
139
127
135
153
152
154
154
155
154
154
155
154
154
154
150
136
131
142
153
153
154
154
155
154
155
154
154
154
147
139
134
141
145
154
154
154
154
155
154
154
154
154
154
148
140
137
146
154
153
154
154
154
154
154
155
154
154
149
144
137
136
146
153
154
154
155
154
154
155
154
154
153
147
148
136
146
146
153
154
154
154
154
155
155
154
154
153
149
137
138
147
153
153
155
155
155
155
155
154
154
154
149
148
138
145
148
154
153
154
154
154
154
154
154
154
153
147
137
138
146
148
152
154
154
155
155
155
154
154
154
150
145
139
139
148
154
154
155
154
154
155
155
154
153
154
144
145
136
145
152
153
153
154
155
154
155
154
153
153
153
145
134
146
145
154
154
154
155
154
155
154
154
154
154
144
143
135
145
153
153
153
154
155
155
5
4
4
4
4
4
4
4
4
4
3
4
3
3
3
3
4
3
4
4
4
4
4
4
4
4
3
3
3
3
3
6
4
4
4
4
4
4
4
4
4
154
154
155
154
154
154
154
154
153
147
145
151
154
153
155
155
154
155
154
154
154
154
152
152
145
147
150
153
154
154
154
155
155
155
154
154
155
153
143
146
150
154
33
5
4
2
0
1
0
0
0
0
0
0
0
0
0
0
0
0
0
0
0
0
0
0
0
0
0
0
0
0
0
0
0
0
0
0
0
0
0
0
0
0
0
0
0
0
0
0
0
0
0
0
0
0
0
0
0
0
0
0
0
0
0
0
0
0
0
0
0
0
0
0
0
